Vertex Count: 294

Data:
0.000000 -5.000000 0.000000 1.000000 0.000000
2.169419 -4.504844 0.000000 1.000000 0.142857
0.000000 -5.000000 0.000000 1.285714 0.000000

0.000000 -5.000000 0.000000 1.285714 0.000000
2.169419 -4.504844 0.000000 1.000000 0.142857
1.352610 -4.504844 1.696120 1.285714 0.142857

0.000000 -5.000000 0.000000 1.285714 0.000000
1.352610 -4.504844 1.696120 1.285714 0.142857
-0.000000 -5.000000 0.000000 1.571429 0.000000

-0.000000 -5.000000 0.000000 1.571429 0.000000
1.352610 -4.504844 1.696120 1.285714 0.142857
-0.482741 -4.504844 2.115027 1.571429 0.142857

-0.000000 -5.000000 0.000000 1.571429 0.000000
-0.482741 -4.504844 2.115027 1.571429 0.142857
-0.000000 -5.000000 0.000000 1.857143 0.000000

-0.000000 -5.000000 0.000000 1.857143 0.000000
-0.482741 -4.504844 2.115027 1.571429 0.142857
-1.954579 -4.504844 0.941276 1.857143 0.142857

-0.000000 -5.000000 0.000000 1.857143 0.000000
-1.954579 -4.504844 0.941276 1.857143 0.142857
-0.000000 -5.000000 -0.000000 2.142857 0.000000

-0.000000 -5.000000 -0.000000 2.142857 0.000000
-1.954579 -4.504844 0.941276 1.857143 0.142857
-1.954579 -4.504844 -0.941276 2.142857 0.142857

-0.000000 -5.000000 -0.000000 2.142857 0.000000
-1.954579 -4.504844 -0.941276 2.142857 0.142857
-0.000000 -5.000000 -0.000000 2.428571 0.000000

-0.000000 -5.000000 -0.000000 2.428571 0.000000
-1.954579 -4.504844 -0.941276 2.142857 0.142857
-0.482740 -4.504844 -2.115027 2.428571 0.142857

-0.000000 -5.000000 -0.000000 2.428571 0.000000
-0.482740 -4.504844 -2.115027 2.428571 0.142857
0.000000 -5.000000 -0.000000 2.714286 0.000000

0.000000 -5.000000 -0.000000 2.714286 0.000000
-0.482740 -4.504844 -2.115027 2.428571 0.142857
1.352610 -4.504844 -1.696120 2.714286 0.142857

0.000000 -5.000000 -0.000000 2.714286 0.000000
1.352610 -4.504844 -1.696120 2.714286 0.142857
0.000000 -5.000000 0.000000 3.000000 0.000000

0.000000 -5.000000 0.000000 3.000000 0.000000
1.352610 -4.504844 -1.696120 2.714286 0.142857
2.169419 -4.504844 0.000000 3.000000 0.142857

2.169419 -4.504844 0.000000 1.000000 0.142857
3.909158 -3.117449 0.000000 1.000000 0.285714
1.352610 -4.504844 1.696120 1.285714 0.142857

1.352610 -4.504844 1.696120 1.285714 0.142857
3.909158 -3.117449 0.000000 1.000000 0.285714
2.437320 -3.117449 3.056303 1.285714 0.285714

1.352610 -4.504844 1.696120 1.285714 0.142857
2.437320 -3.117449 3.056303 1.285714 0.285714
-0.482741 -4.504844 2.115027 1.571429 0.142857

-0.482741 -4.504844 2.115027 1.571429 0.142857
2.437320 -3.117449 3.056303 1.285714 0.285714
-0.869869 -3.117449 3.811147 1.571429 0.285714

-0.482741 -4.504844 2.115027 1.571429 0.142857
-0.869869 -3.117449 3.811147 1.571429 0.285714
-1.954579 -4.504844 0.941276 1.857143 0.142857

-1.954579 -4.504844 0.941276 1.857143 0.142857
-0.869869 -3.117449 3.811147 1.571429 0.285714
-3.522029 -3.117449 1.696120 1.857143 0.285714

-1.954579 -4.504844 0.941276 1.857143 0.142857
-3.522029 -3.117449 1.696120 1.857143 0.285714
-1.954579 -4.504844 -0.941276 2.142857 0.142857

-1.954579 -4.504844 -0.941276 2.142857 0.142857
-3.522029 -3.117449 1.696120 1.857143 0.285714
-3.522029 -3.117449 -1.696120 2.142857 0.285714

-1.954579 -4.504844 -0.941276 2.142857 0.142857
-3.522029 -3.117449 -1.696120 2.142857 0.285714
-0.482740 -4.504844 -2.115027 2.428571 0.142857

-0.482740 -4.504844 -2.115027 2.428571 0.142857
-3.522029 -3.117449 -1.696120 2.142857 0.285714
-0.869868 -3.117449 -3.811147 2.428571 0.285714

-0.482740 -4.504844 -2.115027 2.428571 0.142857
-0.869868 -3.117449 -3.811147 2.428571 0.285714
1.352610 -4.504844 -1.696120 2.714286 0.142857

1.352610 -4.504844 -1.696120 2.714286 0.142857
-0.869868 -3.117449 -3.811147 2.428571 0.285714
2.437319 -3.117449 -3.056303 2.714286 0.285714

1.352610 -4.504844 -1.696120 2.714286 0.142857
2.437319 -3.117449 -3.056303 2.714286 0.285714
2.169419 -4.504844 0.000000 3.000000 0.142857

2.169419 -4.504844 0.000000 3.000000 0.142857
2.437319 -3.117449 -3.056303 2.714286 0.285714
3.909158 -3.117449 0.000001 3.000000 0.285714

3.909158 -3.117449 0.000000 1.000000 0.285714
4.874640 -1.112605 0.000000 1.000000 0.428571
2.437320 -3.117449 3.056303 1.285714 0.285714

2.437320 -3.117449 3.056303 1.285714 0.285714
4.874640 -1.112605 0.000000 1.000000 0.428571
3.039288 -1.112605 3.811147 1.285714 0.428571

2.437320 -3.117449 3.056303 1.285714 0.285714
3.039288 -1.112605 3.811147 1.285714 0.428571
-0.869869 -3.117449 3.811147 1.571429 0.285714

-0.869869 -3.117449 3.811147 1.571429 0.285714
3.039288 -1.112605 3.811147 1.285714 0.428571
-1.084709 -1.112605 4.752422 1.571429 0.428571

-0.869869 -3.117449 3.811147 1.571429 0.285714
-1.084709 -1.112605 4.752422 1.571429 0.428571
-3.522029 -3.117449 1.696120 1.857143 0.285714

-3.522029 -3.117449 1.696120 1.857143 0.285714
-1.084709 -1.112605 4.752422 1.571429 0.428571
-4.391898 -1.112605 2.115027 1.857143 0.428571

-3.522029 -3.117449 1.696120 1.857143 0.285714
-4.391898 -1.112605 2.115027 1.857143 0.428571
-3.522029 -3.117449 -1.696120 2.142857 0.285714

-3.522029 -3.117449 -1.696120 2.142857 0.285714
-4.391898 -1.112605 2.115027 1.857143 0.428571
-4.391898 -1.112605 -2.115027 2.142857 0.428571

-3.522029 -3.117449 -1.696120 2.142857 0.285714
-4.391898 -1.112605 -2.115027 2.142857 0.428571
-0.869868 -3.117449 -3.811147 2.428571 0.285714

-0.869868 -3.117449 -3.811147 2.428571 0.285714
-4.391898 -1.112605 -2.115027 2.142857 0.428571
-1.084707 -1.112605 -4.752423 2.428571 0.428571

-0.869868 -3.117449 -3.811147 2.428571 0.285714
-1.084707 -1.112605 -4.752423 2.428571 0.428571
2.437319 -3.117449 -3.056303 2.714286 0.285714

2.437319 -3.117449 -3.056303 2.714286 0.285714
-1.084707 -1.112605 -4.752423 2.428571 0.428571
3.039287 -1.112605 -3.811147 2.714286 0.428571

2.437319 -3.117449 -3.056303 2.714286 0.285714
3.039287 -1.112605 -3.811147 2.714286 0.428571
3.909158 -3.117449 0.000001 3.000000 0.285714

3.909158 -3.117449 0.000001 3.000000 0.285714
3.039287 -1.112605 -3.811147 2.714286 0.428571
4.874640 -1.112605 0.000001 3.000000 0.428571

4.874640 -1.112605 0.000000 1.000000 0.428571
4.874640 1.112605 0.000000 1.000000 0.571429
3.039288 -1.112605 3.811147 1.285714 0.428571

3.039288 -1.112605 3.811147 1.285714 0.428571
4.874640 1.112605 0.000000 1.000000 0.571429
3.039288 1.112605 3.811147 1.285714 0.571429

3.039288 -1.112605 3.811147 1.285714 0.428571
3.039288 1.112605 3.811147 1.285714 0.571429
-1.084709 -1.112605 4.752422 1.571429 0.428571

-1.084709 -1.112605 4.752422 1.571429 0.428571
3.039288 1.112605 3.811147 1.285714 0.571429
-1.084709 1.112605 4.752422 1.571429 0.571429

-1.084709 -1.112605 4.752422 1.571429 0.428571
-1.084709 1.112605 4.752422 1.571429 0.571429
-4.391898 -1.112605 2.115027 1.857143 0.428571

-4.391898 -1.112605 2.115027 1.857143 0.428571
-1.084709 1.112605 4.752422 1.571429 0.571429
-4.391898 1.112605 2.115027 1.857143 0.571429

-4.391898 -1.112605 2.115027 1.857143 0.428571
-4.391898 1.112605 2.115027 1.857143 0.571429
-4.391898 -1.112605 -2.115027 2.142857 0.428571

-4.391898 -1.112605 -2.115027 2.142857 0.428571
-4.391898 1.112605 2.115027 1.857143 0.571429
-4.391898 1.112605 -2.115027 2.142857 0.571429

-4.391898 -1.112605 -2.115027 2.142857 0.428571
-4.391898 1.112605 -2.115027 2.142857 0.571429
-1.084707 -1.112605 -4.752423 2.428571 0.428571

-1.084707 -1.112605 -4.752423 2.428571 0.428571
-4.391898 1.112605 -2.115027 2.142857 0.571429
-1.084707 1.112605 -4.752423 2.428571 0.571429

-1.084707 -1.112605 -4.752423 2.428571 0.428571
-1.084707 1.112605 -4.752423 2.428571 0.571429
3.039287 -1.112605 -3.811147 2.714286 0.428571

3.039287 -1.112605 -3.811147 2.714286 0.428571
-1.084707 1.112605 -4.752423 2.428571 0.571429
3.039287 1.112605 -3.811147 2.714286 0.571429

3.039287 -1.112605 -3.811147 2.714286 0.428571
3.039287 1.112605 -3.811147 2.714286 0.571429
4.874640 -1.112605 0.000001 3.000000 0.428571

4.874640 -1.112605 0.000001 3.000000 0.428571
3.039287 1.112605 -3.811147 2.714286 0.571429
4.874640 1.112605 0.000001 3.000000 0.571429

4.874640 1.112605 0.000000 1.000000 0.571429
3.909157 3.117450 0.000000 1.000000 0.714286
3.039288 1.112605 3.811147 1.285714 0.571429

3.039288 1.112605 3.811147 1.285714 0.571429
3.909157 3.117450 0.000000 1.000000 0.714286
2.437319 3.117450 3.056302 1.285714 0.714286

3.039288 1.112605 3.811147 1.285714 0.571429
2.437319 3.117450 3.056302 1.285714 0.714286
-1.084709 1.112605 4.752422 1.571429 0.571429

-1.084709 1.112605 4.752422 1.571429 0.571429
2.437319 3.117450 3.056302 1.285714 0.714286
-0.869869 3.117450 3.811146 1.571429 0.714286

-1.084709 1.112605 4.752422 1.571429 0.571429
-0.869869 3.117450 3.811146 1.571429 0.714286
-4.391898 1.112605 2.115027 1.857143 0.571429

-4.391898 1.112605 2.115027 1.857143 0.571429
-0.869869 3.117450 3.811146 1.571429 0.714286
-3.522028 3.117450 1.696120 1.857143 0.714286

-4.391898 1.112605 2.115027 1.857143 0.571429
-3.522028 3.117450 1.696120 1.857143 0.714286
-4.391898 1.112605 -2.115027 2.142857 0.571429

-4.391898 1.112605 -2.115027 2.142857 0.571429
-3.522028 3.117450 1.696120 1.857143 0.714286
-3.522028 3.117450 -1.696120 2.142857 0.714286

-4.391898 1.112605 -2.115027 2.142857 0.571429
-3.522028 3.117450 -1.696120 2.142857 0.714286
-1.084707 1.112605 -4.752423 2.428571 0.571429

-1.084707 1.112605 -4.752423 2.428571 0.571429
-3.522028 3.117450 -1.696120 2.142857 0.714286
-0.869868 3.117450 -3.811146 2.428571 0.714286

-1.084707 1.112605 -4.752423 2.428571 0.571429
-0.869868 3.117450 -3.811146 2.428571 0.714286
3.039287 1.112605 -3.811147 2.714286 0.571429

3.039287 1.112605 -3.811147 2.714286 0.571429
-0.869868 3.117450 -3.811146 2.428571 0.714286
2.437319 3.117450 -3.056302 2.714286 0.714286

3.039287 1.112605 -3.811147 2.714286 0.571429
2.437319 3.117450 -3.056302 2.714286 0.714286
4.874640 1.112605 0.000001 3.000000 0.571429

4.874640 1.112605 0.000001 3.000000 0.571429
2.437319 3.117450 -3.056302 2.714286 0.714286
3.909157 3.117450 0.000001 3.000000 0.714286

3.909157 3.117450 0.000000 1.000000 0.714286
2.169419 4.504844 0.000000 1.000000 0.857143
2.437319 3.117450 3.056302 1.285714 0.714286

2.437319 3.117450 3.056302 1.285714 0.714286
2.169419 4.504844 0.000000 1.000000 0.857143
1.352611 4.504844 1.696120 1.285714 0.857143

2.437319 3.117450 3.056302 1.285714 0.714286
1.352611 4.504844 1.696120 1.285714 0.857143
-0.869869 3.117450 3.811146 1.571429 0.714286

-0.869869 3.117450 3.811146 1.571429 0.714286
1.352611 4.504844 1.696120 1.285714 0.857143
-0.482741 4.504844 2.115027 1.571429 0.857143

-0.869869 3.117450 3.811146 1.571429 0.714286
-0.482741 4.504844 2.115027 1.571429 0.857143
-3.522028 3.117450 1.696120 1.857143 0.714286

-3.522028 3.117450 1.696120 1.857143 0.714286
-0.482741 4.504844 2.115027 1.571429 0.857143
-1.954579 4.504844 0.941276 1.857143 0.857143

-3.522028 3.117450 1.696120 1.857143 0.714286
-1.954579 4.504844 0.941276 1.857143 0.857143
-3.522028 3.117450 -1.696120 2.142857 0.714286

-3.522028 3.117450 -1.696120 2.142857 0.714286
-1.954579 4.504844 0.941276 1.857143 0.857143
-1.954579 4.504844 -0.941276 2.142857 0.857143

-3.522028 3.117450 -1.696120 2.142857 0.714286
-1.954579 4.504844 -0.941276 2.142857 0.857143
-0.869868 3.117450 -3.811146 2.428571 0.714286

-0.869868 3.117450 -3.811146 2.428571 0.714286
-1.954579 4.504844 -0.941276 2.142857 0.857143
-0.482740 4.504844 -2.115027 2.428571 0.857143

-0.869868 3.117450 -3.811146 2.428571 0.714286
-0.482740 4.504844 -2.115027 2.428571 0.857143
2.437319 3.117450 -3.056302 2.714286 0.714286

2.437319 3.117450 -3.056302 2.714286 0.714286
-0.482740 4.504844 -2.115027 2.428571 0.857143
1.352610 4.504844 -1.696120 2.714286 0.857143

2.437319 3.117450 -3.056302 2.714286 0.714286
1.352610 4.504844 -1.696120 2.714286 0.857143
3.909157 3.117450 0.000001 3.000000 0.714286

3.909157 3.117450 0.000001 3.000000 0.714286
1.352610 4.504844 -1.696120 2.714286 0.857143
2.169419 4.504844 0.000000 3.000000 0.857143

2.169419 4.504844 0.000000 1.000000 0.857143
-0.000000 5.000000 -0.000000 1.000000 1.000000
1.352611 4.504844 1.696120 1.285714 0.857143

1.352611 4.504844 1.696120 1.285714 0.857143
-0.000000 5.000000 -0.000000 1.000000 1.000000
-0.000000 5.000000 -0.000000 1.285714 1.000000

1.352611 4.504844 1.696120 1.285714 0.857143
-0.000000 5.000000 -0.000000 1.285714 1.000000
-0.482741 4.504844 2.115027 1.571429 0.857143

-0.482741 4.504844 2.115027 1.571429 0.857143
-0.000000 5.000000 -0.000000 1.285714 1.000000
0.000000 5.000000 -0.000000 1.571429 1.000000

-0.482741 4.504844 2.115027 1.571429 0.857143
0.000000 5.000000 -0.000000 1.571429 1.000000
-1.954579 4.504844 0.941276 1.857143 0.857143

-1.954579 4.504844 0.941276 1.857143 0.857143
0.000000 5.000000 -0.000000 1.571429 1.000000
0.000000 5.000000 -0.000000 1.857143 1.000000

-1.954579 4.504844 0.941276 1.857143 0.857143
0.000000 5.000000 -0.000000 1.857143 1.000000
-1.954579 4.504844 -0.941276 2.142857 0.857143

-1.954579 4.504844 -0.941276 2.142857 0.857143
0.000000 5.000000 -0.000000 1.857143 1.000000
0.000000 5.000000 0.000000 2.142857 1.000000

-1.954579 4.504844 -0.941276 2.142857 0.857143
0.000000 5.000000 0.000000 2.142857 1.000000
-0.482740 4.504844 -2.115027 2.428571 0.857143

-0.482740 4.504844 -2.115027 2.428571 0.857143
0.000000 5.000000 0.000000 2.142857 1.000000
0.000000 5.000000 0.000000 2.428571 1.000000

-0.482740 4.504844 -2.115027 2.428571 0.857143
0.000000 5.000000 0.000000 2.428571 1.000000
1.352610 4.504844 -1.696120 2.714286 0.857143

1.352610 4.504844 -1.696120 2.714286 0.857143
0.000000 5.000000 0.000000 2.428571 1.000000
-0.000000 5.000000 0.000000 2.714286 1.000000

1.352610 4.504844 -1.696120 2.714286 0.857143
-0.000000 5.000000 0.000000 2.714286 1.000000
2.169419 4.504844 0.000000 3.000000 0.857143

2.169419 4.504844 0.000000 3.000000 0.857143
-0.000000 5.000000 0.000000 2.714286 1.000000
-0.000000 5.000000 -0.000000 3.000000 1.000000

